/*
import { playingBoard } from "./App";

let WinCons = [];
if(playingBoard.length == 9) {
    WinCons = [
        // Rows
        [0, 1, 2],
        [3, 4, 5],
        [6, 7, 8],
        // Columns
        [0, 3, 6],
        [1, 4, 7],
        [2, 5, 8],
        // Diagonals
        [0, 4, 8],
        [2, 4, 6],
    ];
} else if(playingBoard.length == 16) {
    WinCons = [
        // Rows
        [0, 1, 2, 3],
        [4, 5, 6, 7],
        [8, 9, 10, 11],
        [12, 13, 14, 15],
        // Columns
        [0, 4, 8, 12],
        [1, 5, 9, 13],
        [2, 6, 10, 14],
        [3, 7, 11, 15],
        // Diagonals
        [0, 5, 10, 15],
        [3, 6, 9, 12],
    ];
} else {
    WinCons = [];
}
console.log(WinCons);
export { WinCons };
*/

export const WinCons = [
    // Rows
    [0, 1, 2, 3],
    [4, 5, 6, 7],
    [8, 9, 10, 11],
    [12, 13, 14, 15],
    // Columns
    [0, 4, 8, 12],
    [1, 5, 9, 13],
    [2, 6, 10, 14],
    [3, 7, 11, 15],
    // Diagonals
    [0, 5, 10, 15],
    [3, 6, 9, 12],
];


